0.106624
0.0984848
0.114754
0.119672
0.0998415
0.105351
0.110749
0.104704
0.10045
0.0984615

0.120501
0.106977
0.110577
0.115142
0.107639
0.120192
0.1248
0.120385
0.107644
0.127907

0.123762
0.117188
0.110947
0.113487
0.128834
0.130915
0.109907
0.113145
0.107089
0.124792

0.117073
0.120264
0.116279
0.117739
0.111111
0.127962
0.110764
0.119741
0.11165
0.116613

0.119685
0.11617
0.110585
0.110078
0.112561
0.118859
0.112342
0.117371
0.121581
0.115635

0.123539
0.127451
0.119122
0.131868
0.130081
0.125612
0.129934
0.122383
0.118022
0.12381

0.136752
0.129771
0.12983
0.13125
0.126623
0.125407
0.125
0.114105
0.123103
0.11859

0.12966
0.130233
0.133117
0.125424
0.119084
0.135364
0.118928
0.128165
0.125997
0.125637