98.55
100.717
98.7
99.4667
99.3667
99.5667
100.167
99.2167
99.9
99.8667


96.6667
98.3333
97.65
98.6333
98.4667
97.55
98.6667
97.65
99.85
97.7

98.2667
100.433
98.65
98.5
97.5167
98.2333
97.6167
97.1167
99.4333
97.9333

98.1667
97.2333
97.8667
97.6
97.4
97.35
98.55
97.3
98.2
98.15

97.1333
96.8333
97.8167
97.3667
98.05
96.35
96.9167
96.5167
96.7
98.2167

96.8667
97.7167
96.4667
96.0333
96.3
97.0667
96.4833
96.9333
96.9333
96.2667

93.7333
96.1333
94.0833
95.9333
94.4833
96.1
95.35
96.5667
95.0333
96.6667

94.4
94.6333
95.2
95.5667
95.2833
94.2667
95.35
95.1333
95.55
95.2667
