0.0966019
0.0837811
0.0941442
0.091579
0.0909082
0.0919043
0.0915112
0.089846
0.0905727
0.0904589

0.104387
0.09533
0.0993187
0.0957281
0.0964065
0.103526
0.0922563
0.0997621
0.0909906
0.0922364

0.100528
0.090761
0.0965232
0.0968445
0.0999665
0.101898
0.099795
0.0978697
0.0939982
0.101311

0.0994918
0.100861
0.100206
0.103315
0.10072
0.101638
0.0937538
0.100616
0.0959738
0.0999611

0.103309
0.106629
0.0975805
0.100606
0.0974015
0.10649
0.100849
0.101485
0.102719
0.100086

0.0998318
0.102945
0.102674
0.10902
0.107763
0.105552
0.110988
0.101643
0.0997002
0.105755

0.113912
0.107149
0.113016
0.108998
0.113131
0.103488
0.107379
0.103222
0.107424
0.104982

0.112926
0.116727
0.114099
0.111847
0.107423
0.117555
0.108892
0.113455
0.107863
0.111188

