0.0953618
0.0981125
0.101654
0.101262
0.105767
0.0942822
0.0932866
0.10425
0.102158
0.0950521

0.11811
0.108014 
0.127341 
0.113514 
0.122449
0.109489 
0.116906 
0.124074 
0.119048
0.109023 

0.833052
0.887234
0.907492
0.903293
0.91182
0.865543
0.848347
0.900279
0.897697
0.829838

33.6518
33.6077
33.5896
33.1508
32.7832
34.9575
34.1032
34.6508
34.2343
34.514

62.2877
62.7448
63.7902
62.509
63.2899
65.0435
63.9969
64.4088
63.9482
61.8454

106.74
106.06
104.64
105.06
105.92
109.18
105.9
107.5
112.02
108.72
