46831694
1841581359
1193163244
727633698
933588178
804159733
1671059989
1061288424
1961692154
1227283347
1171034773
276090261
1066728069
209208115
554590007
721958466
1371272478
675466456
1095462486
1808217256
2095021727
1769349045
904914315
373135028
717419739
881155353
1489529863
1521138112
298370230
1140279430
1335826707
706178559
110356601
884434366
962338209
1341315363
709314158
591449447
431918286
851767375
606179079
1500869201
1434868289
263032577
753643799
202794285
715851524
509392896
2116653394
1885818104
1129331080
459412233
719455333
102413965
1575709499
2046822636
372240708
570409100
1031117242
1328964554
1089507633
328589341
101373994
753698938
1180226057
2053640677
28494320
1674150515
1673862609
450505711
1102787522
172485519
1389761275
1247495468
1194873087
201568404
1459798008
275218543
700227247
1252999968
170026560
837401457
1187175323
1100741725
2016306306
2130887012
962027255
925349594
1608716692
310283214
847521961
1155317964
1211387771
1036146991
1956240871
1265875305
1406669131
320594398
1446072296
1768507984
1738580255
1431570114
1049468249
2752894
656158438
1959080402
535413991
857428057
1667146825
774252647
1743067940
1687661202
1893875248
775005940
868983366
1220684506
2050273301
567696821
1921183019
488838574
763270500
791339187
146805207
1995698510
465431564
303557651
618150082
1769352463
2061854529
623650733
877942078
1147071891
1333222825
1360037346
1822395259
1524232879
1955663145
1525096014
1945176354
1815625431
611645445
1302597982
69897783
786775832
1631930336
1051193458
1832959506
1529514143
361168430
584118435
1374320789
2120517318
430194552
1526316356
1645998091
2077975533
904044895
251684668
1024906337
49109399
817449845
1386510648
1846775513
308733489
957871823
2121062573
2064943692
1829135406
1847230308
386195273
707388111
1303340770
1150106549
1187798664
323014061
2093670169
951681471
1300340344
267795409
1707961905
1424425466
212666313
1345878914
1960750112
1708648167
996152292
508094989
1310333624
1387621019
1085161882
620266984
1293480696
2000401015
145141537
218054690
1660307876
1213483915
1238063263
1705337482
33648008
1926451657
302861987
968983903
2086632230
283668012
1867650572
671044096
2103068620
232181992
1792715116
1824803269
1902946908
995344676
2112188096
2078840858
375752908
631101229
1378765036
1768498143
429380059
1043913228
1570565841
1217493621
149940606
1700387144
1063830968
2078506481
385162194
526865548
987116649
1250216156
1123014755
1394763698
2052155153
303324876
2145055051
1911674437
1842766233
2019804967
1644949940
424797218
499715401
23440685
1264011401
392695364
878142721
210211861
1410566548
1883319325
1902205425
900954464
1940637766
1392662831
1854963760
74240058
916887017
751771457
1307461241
1201562297
912900372
1641315007
1383528406
980210
284337468
364942836
884473982
820856705
966493976
801834345
855035734
1497809300
523846658
840317234
2068233419
545539870
1290339249
377984826
660359890
2031827362
1358682963
1849178249
657712767
566001369
2092291509
64278486
825214682
2008457075
564867629
1513224377
1557736047
385429421
1832747017
1748907975
1197415866
586412586
1745083173
851537548
606480905
1786377891
1082809519
1387165162
664564951
1468949855
1987189101
1114880155
1453278157
275642350
1256100731
1309798942
983133731
587824190
1415071101
1822442709
1042538534
1734067618
862154306
922069988
134517568
1501536399
1560377851
1861578080
400803917
765206140
511806183
518113609
1586828403
1616808746
615340247
1644395545
245094318
120100277
1379601421
993163053
1693418406
643050680
1647893300
279315422
1852436352
132342605
1596719934
777330596
1763945965
1366339158
1970984871
902740454
537237823
2132467334
1389426162
1148516322
748938439
2110067703
126542396
1042721271
1895000801
195083460
1979108906
2136101342
61050964
1139026509
618635514
2110347129
1501608869
281596124
1596454701
512050142
918348115
1174767108
1710235480
258925962
1062078721
1028309227
538344836
876331482
276175848
2046437145
1070709283
527288444
1828989839
811125388
1591132024
1843334476
37261338
727432724
1401543023
1048741929
1347735294
652892684
657445172
1353409331
85908876
1267152619
2028071862
1695071616
39963129
440315438
56813282
866087059
1619642262
1660080927
703931312
